1S: 1s.png
2S: 2s.png
3S: 3s.png
4S: 4s.png
5S: 5s.png
6S: 6s.png
7S: 7s.png
8S: 8s.png
9S: 9s.png
10S: 10s.png
11S: 11s.png
12S: 12s.png
13S: 13s.png
14S: 14s.png
15S: 15s.png
16S: 16s.png
17S: 17s.png
18S: 18s.png
19S: 19s.png
20S: 20s.png
21S: 21s.png
22S: 22s.png
23S: 23s.png
24S: 24s.png
25S: 25s.png
26S: 26s.png
27S: 27s.png
28S: 28s.png
29S: 29s.png
30S: 30s.png
31S: 31s.png
32S: 32s.png
33S: 33s.png
34S: 34s.png
35S: 35s.png
36S: 36s.png
37S: 37s.png
38S: 38s.png
39S: 39s.png
40S: 40s.png
41S: 41s.png
42S: 42s.png
43S: 43s.png
44S: 44s.png
45S: 45s.png
46S: 46s.png
47S: 47s.png
48S: 48s.png
49S: 49s.png
50S: 50s.png
51S: 51s.png
52S: 52s.png
53S: 53s.png
54S: 54s.png
55S: 55s.png
56S: 56s.png
57S: 57s.png
1C: 1, 2, 3, 4, 5, 6, 7, 8
2C: 1, 9, 10, 11, 12, 13, 14, 15
3C: 1, 16, 17, 18, 19, 20, 21, 22
4C: 1, 23, 24, 25, 26, 27, 28, 29
5C: 1, 30, 31, 32, 33, 34, 35, 36
6C: 1, 37, 38, 39, 40, 41, 42, 43
7C: 1, 44, 45, 46, 47, 48, 49, 50
8C: 1, 51, 52, 53, 54, 55, 56, 57
9C: 2, 9, 12, 15, 18, 21, 24, 27
10C: 2, 10, 13, 16, 19, 22, 25, 28
11C: 2, 11, 14, 17, 20, 23, 26, 29
12C: 2, 12, 15, 18, 21, 24, 27, 30
13C: 2, 13, 16, 19, 22, 25, 28, 31
14C: 2, 14, 17, 20, 23, 26, 29, 32
15C: 2, 15, 18, 21, 24, 27, 30, 33
16C: 3, 9, 13, 17, 21, 25, 29, 33
17C: 3, 10, 14, 18, 22, 26, 30, 34
18C: 3, 11, 15, 19, 23, 27, 31, 35
19C: 3, 12, 16, 20, 24, 28, 32, 36
20C: 3, 13, 17, 21, 25, 29, 33, 37
21C: 3, 14, 18, 22, 26, 30, 34, 38
22C: 3, 15, 19, 23, 27, 31, 35, 39
23C: 4, 9, 14, 19, 24, 29, 34, 39
24C: 4, 10, 15, 20, 25, 30, 35, 40
25C: 4, 11, 16, 21, 26, 31, 36, 41
26C: 4, 12, 17, 22, 27, 32, 37, 42
27C: 4, 13, 18, 23, 28, 33, 38, 43
28C: 4, 14, 19, 24, 29, 34, 39, 44
29C: 4, 15, 20, 25, 30, 35, 40, 45
30C: 5, 9, 15, 21, 27, 33, 39, 45
31C: 5, 10, 16, 22, 28, 34, 40, 46
32C: 5, 11, 17, 23, 29, 35, 41, 47
33C: 5, 12, 18, 24, 30, 36, 42, 48
34C: 5, 13, 19, 25, 31, 37, 43, 49
35C: 5, 14, 20, 26, 32, 38, 44, 50
36C: 5, 15, 21, 27, 33, 39, 45, 51
37C: 6, 9, 16, 23, 30, 37, 44, 51
38C: 6, 10, 17, 24, 31, 38, 45, 52
39C: 6, 11, 18, 25, 32, 39, 46, 53
40C: 6, 12, 19, 26, 33, 40, 47, 54
41C: 6, 13, 20, 27, 34, 41, 48, 55
42C: 6, 14, 21, 28, 35, 42, 49, 56
43C: 6, 15, 22, 29, 36, 43, 50, 57
44C: 7, 9, 17, 25, 33, 41, 49, 57
45C: 7, 10, 18, 26, 34, 42, 50, 51
46C: 7, 11, 19, 27, 35, 43, 44, 52
47C: 7, 12, 20, 28, 36, 37, 45, 53
48C: 7, 13, 21, 29, 30, 38, 46, 54
49C: 7, 14, 22, 23, 31, 39, 47, 55
50C: 7, 15, 16, 24, 32, 40, 48, 56
51C: 8, 9, 18, 27, 36, 38, 47, 56
52C: 8, 10, 19, 28, 30, 39, 48, 57
53C: 8, 11, 20, 29, 31, 40, 49, 51
54C: 8, 12, 21, 23, 32, 41, 50, 52
55C: 8, 13, 22, 24, 33, 42, 44, 53
56C: 8, 14, 16, 25, 34, 43, 45, 54
57C: 8, 15, 17, 26, 35, 37, 46, 55
